*Number of crops
      16
*Names
'grass                    '
'corn                     '
'potatoes                 '
'sugarbeet                '
'grain                    '
'miscellaneous            '
'non-arable land          '
'greenhouse area          '
'orchard                  '
'bulbous plants           '
'foliage forest           '
'pine forest              '
'nature                   '
'fallow                   '
'vegetables               '
'flowers                  '
*Year/Month/Day/Cropfact       1        2        3        4        5        6        7        8        9        10       11       12       13       14       15       16
    0000        1        1     0.95     1.00     1.00     1.00     1.00     0.95     1.00     0.00     1.00     1.00     0.90     1.20     0.95     1.00     1.00     0.00
    0000        1        2     0.95     1.00     1.00     1.00     1.00     0.95     1.00     0.00     1.00     1.00     0.90     1.20     0.95     1.00     1.00     0.00
    0000        1        3     0.95     1.00     1.00     1.00     1.00     0.95     1.00     0.00     1.00     1.00     0.90     1.20     0.95     1.00     1.00     0.00
    0000        1        4     0.95     1.00     1.00     1.00     1.00     0.95     1.00     0.00     1.00     1.00     0.90     1.20     0.95     1.00     1.00     0.00
    0000        1        5     0.95     1.00     1.00     1.00     1.00     0.95     1.00     0.00     1.00     1.00     0.90     1.20     0.95     1.00     1.00     0.00
    0000        1        6     0.95     1.00     1.00     1.00     1.00     0.95     1.00     0.00     1.00     1.00     0.90     1.20     0.95     1.00     1.00     0.00
    0000        1        7     0.95     1.00     1.00     1.00     1.00     0.95     1.00     0.00     1.00     1.00     0.90     1.20     0.95     1.00     1.00     0.00
    0000        1        8     0.95     1.00     1.00     1.00     1.00     0.95     1.00     0.00     1.00     1.00     0.90     1.20     0.95     1.00     1.00     0.00
    0000        1        9     0.95     1.00     1.00     1.00     1.00     0.95     1.00     0.00     1.00     1.00     0.90     1.20     0.95     1.00     1.00     0.00
    0000        1       10     0.95     1.00     1.00     1.00     1.00     0.95     1.00     0.00     1.00     1.00     0.90     1.20     0.95     1.00     1.00     0.00
    0000        1       11     0.95     1.00     1.00     1.00     1.00     0.95     1.00     0.00     1.00     1.00     0.90     1.20     0.95     1.00     1.00     0.00
    0000        1       12     0.95     1.00     1.00     1.00     1.00     0.95     1.00     0.00     1.00     1.00     0.90     1.20     0.95     1.00     1.00     0.00
    0000        1       13     0.95     1.00     1.00     1.00     1.00     0.95     1.00     0.00     1.00     1.00     0.90     1.20     0.95     1.00     1.00     0.00
    0000        1       14     0.95     1.00     1.00     1.00     1.00     0.95     1.00     0.00     1.00     1.00     0.90     1.20     0.95     1.00     1.00     0.00
    0000        1       15     0.95     1.00     1.00     1.00     1.00     0.95     1.00     0.00     1.00     1.00     0.90     1.20     0.95     1.00     1.00     0.00
    0000        1       16     0.95     1.00     1.00     1.00     1.00     0.95     1.00     0.00     1.00     1.00     0.90     1.20     0.95     1.00     1.00     0.00
    0000        1       17     0.95     1.00     1.00     1.00     1.00     0.95     1.00     0.00     1.00     1.00     0.90     1.20     0.95     1.00     1.00     0.00
    0000        1       18     0.95     1.00     1.00     1.00     1.00     0.95     1.00     0.00     1.00     1.00     0.90     1.20     0.95     1.00     1.00     0.00
    0000        1       19     0.95     1.00     1.00     1.00     1.00     0.95     1.00     0.00     1.00     1.00     0.90     1.20     0.95     1.00     1.00     0.00
    0000        1       20     0.95     1.00     1.00     1.00     1.00     0.95     1.00     0.00     1.00     1.00     0.90     1.20     0.95     1.00     1.00     0.00
    0000        1       21     0.95     0.71     0.71     0.71     0.71     0.95     0.71     0.00     0.71     0.71     0.90     1.20     0.95     0.71     0.71     0.00
    0000        1       22     0.95     0.71     0.71     0.71     0.71     0.95     0.71     0.00     0.71     0.71     0.90     1.20     0.95     0.71     0.71     0.00
    0000        1       23     0.95     0.71     0.71     0.71     0.71     0.95     0.71     0.00     0.71     0.71     0.90     1.20     0.95     0.71     0.71     0.00
    0000        1       24     0.95     0.71     0.71     0.71     0.71     0.95     0.71     0.00     0.71     0.71     0.90     1.20     0.95     0.71     0.71     0.00
    0000        1       25     0.95     0.71     0.71     0.71     0.71     0.95     0.71     0.00     0.71     0.71     0.90     1.20     0.95     0.71     0.71     0.00
    0000        1       26     0.95     0.71     0.71     0.71     0.71     0.95     0.71     0.00     0.71     0.71     0.90     1.20     0.95     0.71     0.71     0.00
    0000        1       27     0.95     0.71     0.71     0.71     0.71     0.95     0.71     0.00     0.71     0.71     0.90     1.20     0.95     0.71     0.71     0.00
    0000        1       28     0.95     0.71     0.71     0.71     0.71     0.95     0.71     0.00     0.71     0.71     0.90     1.20     0.95     0.71     0.71     0.00
    0000        1       29     0.95     0.71     0.71     0.71     0.71     0.95     0.71     0.00     0.71     0.71     0.90     1.20     0.95     0.71     0.71     0.00
    0000        1       30     0.95     0.71     0.71     0.71     0.71     0.95     0.71     0.00     0.71     0.71     0.90     1.20     0.95     0.71     0.71     0.00
    0000        1       31     0.95     0.71     0.71     0.71     0.71     0.95     0.71     0.00     0.71     0.71     0.90     1.20     0.95     0.71     0.71     0.00
    0000        2        1     0.95     0.63     0.63     0.63     0.63     0.95     0.63     0.00     0.63     0.63     0.90     1.20     0.95     0.63     0.63     0.00
    0000        2        2     0.95     0.63     0.63     0.63     0.63     0.95     0.63     0.00     0.63     0.63     0.90     1.20     0.95     0.63     0.63     0.00
    0000        2        3     0.95     0.63     0.63     0.63     0.63     0.95     0.63     0.00     0.63     0.63     0.90     1.20     0.95     0.63     0.63     0.00
    0000        2        4     0.95     0.63     0.63     0.63     0.63     0.95     0.63     0.00     0.63     0.63     0.90     1.20     0.95     0.63     0.63     0.00
    0000        2        5     0.95     0.63     0.63     0.63     0.63     0.95     0.63     0.00     0.63     0.63     0.90     1.20     0.95     0.63     0.63     0.00
    0000        2        6     0.95     0.63     0.63     0.63     0.63     0.95     0.63     0.00     0.63     0.63     0.90     1.20     0.95     0.63     0.63     0.00
    0000        2        7     0.95     0.63     0.63     0.63     0.63     0.95     0.63     0.00     0.63     0.63     0.90     1.20     0.95     0.63     0.63     0.00
    0000        2        8     0.95     0.63     0.63     0.63     0.63     0.95     0.63     0.00     0.63     0.63     0.90     1.20     0.95     0.63     0.63     0.00
    0000        2        9     0.95     0.63     0.63     0.63     0.63     0.95     0.63     0.00     0.63     0.63     0.90     1.20     0.95     0.63     0.63     0.00
    0000        2       10     0.95     0.63     0.63     0.63     0.63     0.95     0.63     0.00     0.63     0.63     0.90     1.20     0.95     0.63     0.63     0.00
    0000        2       11     0.95     0.50     0.50     0.50     0.50     0.95     0.50     0.00     0.50     0.50     0.90     1.20     0.95     0.50     0.50     0.00
    0000        2       12     0.95     0.50     0.50     0.50     0.50     0.95     0.50     0.00     0.50     0.50     0.90     1.20     0.95     0.50     0.50     0.00
    0000        2       13     0.95     0.50     0.50     0.50     0.50     0.95     0.50     0.00     0.50     0.50     0.90     1.20     0.95     0.50     0.50     0.00
    0000        2       14     0.95     0.50     0.50     0.50     0.50     0.95     0.50     0.00     0.50     0.50     0.90     1.20     0.95     0.50     0.50     0.00
    0000        2       15     0.95     0.50     0.50     0.50     0.50     0.95     0.50     0.00     0.50     0.50     0.90     1.20     0.95     0.50     0.50     0.00
    0000        2       16     0.95     0.50     0.50     0.50     0.50     0.95     0.50     0.00     0.50     0.50     0.90     1.20     0.95     0.50     0.50     0.00
    0000        2       17     0.95     0.50     0.50     0.50     0.50     0.95     0.50     0.00     0.50     0.50     0.90     1.20     0.95     0.50     0.50     0.00
    0000        2       18     0.95     0.50     0.50     0.50     0.50     0.95     0.50     0.00     0.50     0.50     0.90     1.20     0.95     0.50     0.50     0.00
    0000        2       19     0.95     0.50     0.50     0.50     0.50     0.95     0.50     0.00     0.50     0.50     0.90     1.20     0.95     0.50     0.50     0.00
    0000        2       20     0.95     0.50     0.50     0.50     0.50     0.95     0.50     0.00     0.50     0.50     0.90     1.20     0.95     0.50     0.50     0.00
    0000        2       21     0.95     0.40     0.40     0.40     0.40     0.95     0.40     0.00     0.40     0.40     0.90     1.20     0.95     0.40     0.40     0.00
    0000        2       22     0.95     0.40     0.40     0.40     0.40     0.95     0.40     0.00     0.40     0.40     0.90     1.20     0.95     0.40     0.40     0.00
    0000        2       23     0.95     0.40     0.40     0.40     0.40     0.95     0.40     0.00     0.40     0.40     0.90     1.20     0.95     0.40     0.40     0.00
    0000        2       24     0.95     0.40     0.40     0.40     0.40     0.95     0.40     0.00     0.40     0.40     0.90     1.20     0.95     0.40     0.40     0.00
    0000        2       25     0.95     0.40     0.40     0.40     0.40     0.95     0.40     0.00     0.40     0.40     0.90     1.20     0.95     0.40     0.40     0.00
    0000        2       26     0.95     0.40     0.40     0.40     0.40     0.95     0.40     0.00     0.40     0.40     0.90     1.20     0.95     0.40     0.40     0.00
    0000        2       27     0.95     0.40     0.40     0.40     0.40     0.95     0.40     0.00     0.40     0.40     0.90     1.20     0.95     0.40     0.40     0.00
    0000        2       28     0.95     0.40     0.40     0.40     0.40     0.95     0.40     0.00     0.40     0.40     0.90     1.20     0.95     0.40     0.40     0.00
    0000        2       29     0.95     0.40     0.40     0.40     0.40     0.95     0.40     0.00     0.40     0.40     0.90     1.20     0.95     0.40     0.40     0.00
    0000        3        1     0.95     0.33     0.33     0.33     0.33     0.95     0.33     0.00     0.33     0.33     1.00     1.20     0.95     0.33     0.33     0.00
    0000        3        2     0.95     0.33     0.33     0.33     0.33     0.95     0.33     0.00     0.33     0.33     1.00     1.20     0.95     0.33     0.33     0.00
    0000        3        3     0.95     0.33     0.33     0.33     0.33     0.95     0.33     0.00     0.33     0.33     1.00     1.20     0.95     0.33     0.33     0.00
    0000        3        4     0.95     0.33     0.33     0.33     0.33     0.95     0.33     0.00     0.33     0.33     1.00     1.20     0.95     0.33     0.33     0.00
    0000        3        5     0.95     0.33     0.33     0.33     0.33     0.95     0.33     0.00     0.33     0.33     1.00     1.20     0.95     0.33     0.33     0.00
    0000        3        6     0.95     0.33     0.33     0.33     0.33     0.95     0.33     0.00     0.33     0.33     1.00     1.20     0.95     0.33     0.33     0.00
    0000        3        7     0.95     0.33     0.33     0.33     0.33     0.95     0.33     0.00     0.33     0.33     1.00     1.20     0.95     0.33     0.33     0.00
    0000        3        8     0.95     0.33     0.33     0.33     0.33     0.95     0.33     0.00     0.33     0.33     1.00     1.20     0.95     0.33     0.33     0.00
    0000        3        9     0.95     0.33     0.33     0.33     0.33     0.95     0.33     0.00     0.33     0.33     1.00     1.20     0.95     0.33     0.33     0.00
    0000        3       10     0.95     0.33     0.33     0.33     0.33     0.95     0.33     0.00     0.33     0.33     1.00     1.20     0.95     0.33     0.33     0.00
    0000        3       11     0.95     0.23     0.23     0.23     0.23     0.95     0.23     0.00     0.23     0.23     1.00     1.20     0.95     0.23     0.23     0.00
    0000        3       12     0.95     0.23     0.23     0.23     0.23     0.95     0.23     0.00     0.23     0.23     1.00     1.20     0.95     0.23     0.23     0.00
    0000        3       13     0.95     0.23     0.23     0.23     0.23     0.95     0.23     0.00     0.23     0.23     1.00     1.20     0.95     0.23     0.23     0.00
    0000        3       14     0.95     0.23     0.23     0.23     0.23     0.95     0.23     0.00     0.23     0.23     1.00     1.20     0.95     0.23     0.23     0.00
    0000        3       15     0.95     0.23     0.23     0.23     0.23     0.95     0.23     0.00     0.23     0.23     1.00     1.20     0.95     0.23     0.23     0.00
    0000        3       16     0.95     0.23     0.23     0.23     0.23     0.95     0.23     0.00     0.23     0.23     1.00     1.20     0.95     0.23     0.23     0.00
    0000        3       17     0.95     0.23     0.23     0.23     0.23     0.95     0.23     0.00     0.23     0.23     1.00     1.20     0.95     0.23     0.23     0.00
    0000        3       18     0.95     0.23     0.23     0.23     0.23     0.95     0.23     0.00     0.23     0.23     1.00     1.20     0.95     0.23     0.23     0.00
    0000        3       19     0.95     0.23     0.23     0.23     0.23     0.95     0.23     0.00     0.23     0.23     1.00     1.20     0.95     0.23     0.23     0.00
    0000        3       20     0.95     0.23     0.23     0.23     0.23     0.95     0.23     0.00     0.23     0.23     1.00     1.20     0.95     0.23     0.23     0.00
    0000        3       21     0.95     0.23     0.23     0.23     0.23     0.95     0.23     0.00     0.23     0.78     1.00     1.20     0.95     0.23     0.23     0.00
    0000        3       22     0.95     0.23     0.23     0.23     0.23     0.95     0.23     0.00     0.23     0.78     1.00     1.20     0.95     0.23     0.23     0.00
    0000        3       23     0.95     0.23     0.23     0.23     0.23     0.95     0.23     0.00     0.23     0.78     1.00     1.20     0.95     0.23     0.23     0.00
    0000        3       24     0.95     0.23     0.23     0.23     0.23     0.95     0.23     0.00     0.23     0.78     1.00     1.20     0.95     0.23     0.23     0.00
    0000        3       25     0.95     0.23     0.23     0.23     0.23     0.95     0.23     0.00     0.23     0.78     1.00     1.20     0.95     0.23     0.23     0.00
    0000        3       26     0.95     0.23     0.23     0.23     0.23     0.95     0.23     0.00     0.23     0.78     1.00     1.20     0.95     0.23     0.23     0.00
    0000        3       27     0.95     0.23     0.23     0.23     0.23     0.95     0.23     0.00     0.23     0.78     1.00     1.20     0.95     0.23     0.23     0.00
    0000        3       28     0.95     0.23     0.23     0.23     0.23     0.95     0.23     0.00     0.23     0.78     1.00     1.20     0.95     0.23     0.23     0.00
    0000        3       29     0.95     0.23     0.23     0.23     0.23     0.95     0.23     0.00     0.23     0.78     1.00     1.20     0.95     0.23     0.23     0.00
    0000        3       30     0.95     0.23     0.23     0.23     0.23     0.95     0.23     0.00     0.23     0.78     1.00     1.20     0.95     0.23     0.23     0.00
    0000        3       31     0.95     0.23     0.23     0.23     0.23     0.95     0.23     0.00     0.23     0.78     1.00     1.20     0.95     0.23     0.23     0.00
    0000        4        1     1.00     0.23     0.23     0.23     0.65     1.00     0.23     0.00     1.04     0.91     1.05     1.20     1.00     0.23     0.23     0.00
    0000        4        2     1.00     0.23     0.23     0.23     0.65     1.00     0.23     0.00     1.04     0.91     1.05     1.20     1.00     0.23     0.23     0.00
    0000        4        3     1.00     0.23     0.23     0.23     0.65     1.00     0.23     0.00     1.04     0.91     1.05     1.20     1.00     0.23     0.23     0.00
    0000        4        4     1.00     0.23     0.23     0.23     0.65     1.00     0.23     0.00     1.04     0.91     1.05     1.20     1.00     0.23     0.23     0.00
    0000        4        5     1.00     0.23     0.23     0.23     0.65     1.00     0.23     0.00     1.04     0.91     1.05     1.20     1.00     0.23     0.23     0.00
    0000        4        6     1.00     0.23     0.23     0.23     0.65     1.00     0.23     0.00     1.04     0.91     1.05     1.20     1.00     0.23     0.23     0.00
    0000        4        7     1.00     0.23     0.23     0.23     0.65     1.00     0.23     0.00     1.04     0.91     1.05     1.20     1.00     0.23     0.23     0.00
    0000        4        8     1.00     0.23     0.23     0.23     0.65     1.00     0.23     0.00     1.04     0.91     1.05     1.20     1.00     0.23     0.23     0.00
    0000        4        9     1.00     0.23     0.23     0.23     0.65     1.00     0.23     0.00     1.04     0.91     1.05     1.20     1.00     0.23     0.23     0.00
    0000        4       10     1.00     0.23     0.23     0.23     0.65     1.00     0.23     0.00     1.04     0.91     1.05     1.20     1.00     0.23     0.23     0.00
    0000        4       11     1.00     0.23     0.23     0.23     0.78     1.00     0.23     0.00     1.04     0.91     1.05     1.20     1.00     0.23     0.52     0.00
    0000        4       12     1.00     0.23     0.23     0.23     0.78     1.00     0.23     0.00     1.04     0.91     1.05     1.20     1.00     0.23     0.52     0.00
    0000        4       13     1.00     0.23     0.23     0.23     0.78     1.00     0.23     0.00     1.04     0.91     1.05     1.20     1.00     0.23     0.52     0.00
    0000        4       14     1.00     0.23     0.23     0.23     0.78     1.00     0.23     0.00     1.04     0.91     1.05     1.20     1.00     0.23     0.52     0.00
    0000        4       15     1.00     0.23     0.23     0.23     0.78     1.00     0.23     0.00     1.04     0.91     1.05     1.20     1.00     0.23     0.52     0.00
    0000        4       16     1.00     0.23     0.23     0.23     0.78     1.00     0.23     0.00     1.04     0.91     1.05     1.20     1.00     0.23     0.52     0.00
    0000        4       17     1.00     0.23     0.23     0.23     0.78     1.00     0.23     0.00     1.04     0.91     1.05     1.20     1.00     0.23     0.52     0.00
    0000        4       18     1.00     0.23     0.23     0.23     0.78     1.00     0.23     0.00     1.04     0.91     1.05     1.20     1.00     0.23     0.52     0.00
    0000        4       19     1.00     0.23     0.23     0.23     0.78     1.00     0.23     0.00     1.04     0.91     1.05     1.20     1.00     0.23     0.52     0.00
    0000        4       20     1.00     0.23     0.23     0.23     0.78     1.00     0.23     0.00     1.04     0.91     1.05     1.20     1.00     0.23     0.52     0.00
    0000        4       21     1.00     0.23     0.23     0.23     0.91     1.00     0.23     0.00     1.04     0.91     1.05     1.20     1.00     0.23     0.65     0.00
    0000        4       22     1.00     0.23     0.23     0.23     0.91     1.00     0.23     0.00     1.04     0.91     1.05     1.20     1.00     0.23     0.65     0.00
    0000        4       23     1.00     0.23     0.23     0.23     0.91     1.00     0.23     0.00     1.04     0.91     1.05     1.20     1.00     0.23     0.65     0.00
    0000        4       24     1.00     0.23     0.23     0.23     0.91     1.00     0.23     0.00     1.04     0.91     1.05     1.20     1.00     0.23     0.65     0.00
    0000        4       25     1.00     0.23     0.23     0.23     0.91     1.00     0.23     0.00     1.04     0.91     1.05     1.20     1.00     0.23     0.65     0.00
    0000        4       26     1.00     0.23     0.23     0.23     0.91     1.00     0.23     0.00     1.04     0.91     1.05     1.20     1.00     0.23     0.65     0.00
    0000        4       27     1.00     0.23     0.23     0.23     0.91     1.00     0.23     0.00     1.04     0.91     1.05     1.20     1.00     0.23     0.65     0.00
    0000        4       28     1.00     0.23     0.23     0.23     0.91     1.00     0.23     0.00     1.04     0.91     1.05     1.20     1.00     0.23     0.65     0.00
    0000        4       29     1.00     0.23     0.23     0.23     0.91     1.00     0.23     0.00     1.04     0.91     1.05     1.20     1.00     0.23     0.65     0.00
    0000        4       30     1.00     0.23     0.23     0.23     0.91     1.00     0.23     0.00     1.04     0.91     1.05     1.20     1.00     0.23     0.65     0.00
    0000        5        1     1.00     0.52     0.15     0.52     1.04     1.00     0.15     0.00     1.43     1.04     1.15     1.20     1.00     0.15     0.78     0.00
    0000        5        2     1.00     0.52     0.15     0.52     1.04     1.00     0.15     0.00     1.43     1.04     1.15     1.20     1.00     0.15     0.78     0.00
    0000        5        3     1.00     0.52     0.15     0.52     1.04     1.00     0.15     0.00     1.43     1.04     1.15     1.20     1.00     0.15     0.78     0.00
    0000        5        4     1.00     0.52     0.15     0.52     1.04     1.00     0.15     0.00     1.43     1.04     1.15     1.20     1.00     0.15     0.78     0.00
    0000        5        5     1.00     0.52     0.15     0.52     1.04     1.00     0.15     0.00     1.43     1.04     1.15     1.20     1.00     0.15     0.78     0.00
    0000        5        6     1.00     0.52     0.15     0.52     1.04     1.00     0.15     0.00     1.43     1.04     1.15     1.20     1.00     0.15     0.78     0.00
    0000        5        7     1.00     0.52     0.15     0.52     1.04     1.00     0.15     0.00     1.43     1.04     1.15     1.20     1.00     0.15     0.78     0.00
    0000        5        8     1.00     0.52     0.15     0.52     1.04     1.00     0.15     0.00     1.43     1.04     1.15     1.20     1.00     0.15     0.78     0.00
    0000        5        9     1.00     0.52     0.15     0.52     1.04     1.00     0.15     0.00     1.43     1.04     1.15     1.20     1.00     0.15     0.78     0.00
    0000        5       10     1.00     0.52     0.15     0.52     1.04     1.00     0.15     0.00     1.43     1.04     1.15     1.20     1.00     0.15     0.78     0.00
    0000        5       11     1.00     0.52     0.65     0.52     1.04     1.00     0.15     0.00     1.43     1.04     1.15     1.20     1.00     0.15     0.91     0.00
    0000        5       12     1.00     0.52     0.65     0.52     1.04     1.00     0.15     0.00     1.43     1.04     1.15     1.20     1.00     0.15     0.91     0.00
    0000        5       13     1.00     0.52     0.65     0.52     1.04     1.00     0.15     0.00     1.43     1.04     1.15     1.20     1.00     0.15     0.91     0.00
    0000        5       14     1.00     0.52     0.65     0.52     1.04     1.00     0.15     0.00     1.43     1.04     1.15     1.20     1.00     0.15     0.91     0.00
    0000        5       15     1.00     0.52     0.65     0.52     1.04     1.00     0.15     0.00     1.43     1.04     1.15     1.20     1.00     0.15     0.91     0.00
    0000        5       16     1.00     0.52     0.65     0.52     1.04     1.00     0.15     0.00     1.43     1.04     1.15     1.20     1.00     0.15     0.91     0.00
    0000        5       17     1.00     0.52     0.65     0.52     1.04     1.00     0.15     0.00     1.43     1.04     1.15     1.20     1.00     0.15     0.91     0.00
    0000        5       18     1.00     0.52     0.65     0.52     1.04     1.00     0.15     0.00     1.43     1.04     1.15     1.20     1.00     0.15     0.91     0.00
    0000        5       19     1.00     0.52     0.65     0.52     1.04     1.00     0.15     0.00     1.43     1.04     1.15     1.20     1.00     0.15     0.91     0.00
    0000        5       20     1.00     0.52     0.65     0.52     1.04     1.00     0.15     0.00     1.43     1.04     1.15     1.20     1.00     0.15     0.91     0.00
    0000        5       21     1.00     0.52     0.91     0.52     1.04     1.00     0.15     0.00     1.43     1.04     1.15     1.20     1.00     0.15     1.04     0.00
    0000        5       22     1.00     0.52     0.91     0.52     1.04     1.00     0.15     0.00     1.43     1.04     1.15     1.20     1.00     0.15     1.04     0.00
    0000        5       23     1.00     0.52     0.91     0.52     1.04     1.00     0.15     0.00     1.43     1.04     1.15     1.20     1.00     0.15     1.04     0.00
    0000        5       24     1.00     0.52     0.91     0.52     1.04     1.00     0.15     0.00     1.43     1.04     1.15     1.20     1.00     0.15     1.04     0.00
    0000        5       25     1.00     0.52     0.91     0.52     1.04     1.00     0.15     0.00     1.43     1.04     1.15     1.20     1.00     0.15     1.04     0.00
    0000        5       26     1.00     0.52     0.91     0.52     1.04     1.00     0.15     0.00     1.43     1.04     1.15     1.20     1.00     0.15     1.04     0.00
    0000        5       27     1.00     0.52     0.91     0.52     1.04     1.00     0.15     0.00     1.43     1.04     1.15     1.20     1.00     0.15     1.04     0.00
    0000        5       28     1.00     0.52     0.91     0.52     1.04     1.00     0.15     0.00     1.43     1.04     1.15     1.20     1.00     0.15     1.04     0.00
    0000        5       29     1.00     0.52     0.91     0.52     1.04     1.00     0.15     0.00     1.43     1.04     1.15     1.20     1.00     0.15     1.04     0.00
    0000        5       30     1.00     0.52     0.91     0.52     1.04     1.00     0.15     0.00     1.43     1.04     1.15     1.20     1.00     0.15     1.04     0.00
    0000        5       31     1.00     0.52     0.91     0.52     1.04     1.00     0.15     0.00     1.43     1.04     1.15     1.20     1.00     0.15     1.04     0.00
    0000        6        1     1.00     0.79     1.05     0.79     1.18     1.00     0.15     0.00     1.57     1.05     1.20     1.20     1.00     0.15     1.18     0.00
    0000        6        2     1.00     0.79     1.05     0.79     1.18     1.00     0.15     0.00     1.57     1.05     1.20     1.20     1.00     0.15     1.18     0.00
    0000        6        3     1.00     0.79     1.05     0.79     1.18     1.00     0.15     0.00     1.57     1.05     1.20     1.20     1.00     0.15     1.18     0.00
    0000        6        4     1.00     0.79     1.05     0.79     1.18     1.00     0.15     0.00     1.57     1.05     1.20     1.20     1.00     0.15     1.18     0.00
    0000        6        5     1.00     0.79     1.05     0.79     1.18     1.00     0.15     0.00     1.57     1.05     1.20     1.20     1.00     0.15     1.18     0.00
    0000        6        6     1.00     0.79     1.05     0.79     1.18     1.00     0.15     0.00     1.57     1.05     1.20     1.20     1.00     0.15     1.18     0.00
    0000        6        7     1.00     0.79     1.05     0.79     1.18     1.00     0.15     0.00     1.57     1.05     1.20     1.20     1.00     0.15     1.18     0.00
    0000        6        8     1.00     0.79     1.05     0.79     1.18     1.00     0.15     0.00     1.57     1.05     1.20     1.20     1.00     0.15     1.18     0.00
    0000        6        9     1.00     0.79     1.05     0.79     1.18     1.00     0.15     0.00     1.57     1.05     1.20     1.20     1.00     0.15     1.18     0.00
    0000        6       10     1.00     0.79     1.05     0.79     1.18     1.00     0.15     0.00     1.57     1.05     1.20     1.20     1.00     0.15     1.18     0.00
    0000        6       11     1.00     1.05     1.05     1.05     1.18     1.00     0.15     0.00     1.57     1.05     1.20     1.20     1.00     0.15     1.18     0.00
    0000        6       12     1.00     1.05     1.05     1.05     1.18     1.00     0.15     0.00     1.57     1.05     1.20     1.20     1.00     0.15     1.18     0.00
    0000        6       13     1.00     1.05     1.05     1.05     1.18     1.00     0.15     0.00     1.57     1.05     1.20     1.20     1.00     0.15     1.18     0.00
    0000        6       14     1.00     1.05     1.05     1.05     1.18     1.00     0.15     0.00     1.57     1.05     1.20     1.20     1.00     0.15     1.18     0.00
    0000        6       15     1.00     1.05     1.05     1.05     1.18     1.00     0.15     0.00     1.57     1.05     1.20     1.20     1.00     0.15     1.18     0.00
    0000        6       16     1.00     1.05     1.05     1.05     1.18     1.00     0.15     0.00     1.57     1.05     1.20     1.20     1.00     0.15     1.18     0.00
    0000        6       17     1.00     1.05     1.05     1.05     1.18     1.00     0.15     0.00     1.57     1.05     1.20     1.20     1.00     0.15     1.18     0.00
    0000        6       18     1.00     1.05     1.05     1.05     1.18     1.00     0.15     0.00     1.57     1.05     1.20     1.20     1.00     0.15     1.18     0.00
    0000        6       19     1.00     1.05     1.05     1.05     1.18     1.00     0.15     0.00     1.57     1.05     1.20     1.20     1.00     0.15     1.18     0.00
    0000        6       20     1.00     1.05     1.05     1.05     1.18     1.00     0.15     0.00     1.57     1.05     1.20     1.20     1.00     0.15     1.18     0.00
    0000        6       21     1.00     1.18     1.18     1.18     1.18     1.00     0.15     0.00     1.57     0.92     1.20     1.20     1.00     0.15     1.18     0.00
    0000        6       22     1.00     1.18     1.18     1.18     1.18     1.00     0.15     0.00     1.57     0.92     1.20     1.20     1.00     0.15     1.18     0.00
    0000        6       23     1.00     1.18     1.18     1.18     1.18     1.00     0.15     0.00     1.57     0.92     1.20     1.20     1.00     0.15     1.18     0.00
    0000        6       24     1.00     1.18     1.18     1.18     1.18     1.00     0.15     0.00     1.57     0.92     1.20     1.20     1.00     0.15     1.18     0.00
    0000        6       25     1.00     1.18     1.18     1.18     1.18     1.00     0.15     0.00     1.57     0.92     1.20     1.20     1.00     0.15     1.18     0.00
    0000        6       26     1.00     1.18     1.18     1.18     1.18     1.00     0.15     0.00     1.57     0.92     1.20     1.20     1.00     0.15     1.18     0.00
    0000        6       27     1.00     1.18     1.18     1.18     1.18     1.00     0.15     0.00     1.57     0.92     1.20     1.20     1.00     0.15     1.18     0.00
    0000        6       28     1.00     1.18     1.18     1.18     1.18     1.00     0.15     0.00     1.57     0.92     1.20     1.20     1.00     0.15     1.18     0.00
    0000        6       29     1.00     1.18     1.18     1.18     1.18     1.00     0.15     0.00     1.57     0.92     1.20     1.20     1.00     0.15     1.18     0.00
    0000        6       30     1.00     1.18     1.18     1.18     1.18     1.00     0.15     0.00     1.57     0.92     1.20     1.20     1.00     0.15     1.18     0.00
    0000        7        1     1.00     1.29     1.16     1.16     1.03     1.00     0.16     0.00     1.68     0.77     1.25     1.20     1.00     0.16     1.03     0.00
    0000        7        2     1.00     1.29     1.16     1.16     1.03     1.00     0.16     0.00     1.68     0.77     1.25     1.20     1.00     0.16     1.03     0.00
    0000        7        3     1.00     1.29     1.16     1.16     1.03     1.00     0.16     0.00     1.68     0.77     1.25     1.20     1.00     0.16     1.03     0.00
    0000        7        4     1.00     1.29     1.16     1.16     1.03     1.00     0.16     0.00     1.68     0.77     1.25     1.20     1.00     0.16     1.03     0.00
    0000        7        5     1.00     1.29     1.16     1.16     1.03     1.00     0.16     0.00     1.68     0.77     1.25     1.20     1.00     0.16     1.03     0.00
    0000        7        6     1.00     1.29     1.16     1.16     1.03     1.00     0.16     0.00     1.68     0.77     1.25     1.20     1.00     0.16     1.03     0.00
    0000        7        7     1.00     1.29     1.16     1.16     1.03     1.00     0.16     0.00     1.68     0.77     1.25     1.20     1.00     0.16     1.03     0.00
    0000        7        8     1.00     1.29     1.16     1.16     1.03     1.00     0.16     0.00     1.68     0.77     1.25     1.20     1.00     0.16     1.03     0.00
    0000        7        9     1.00     1.29     1.16     1.16     1.03     1.00     0.16     0.00     1.68     0.77     1.25     1.20     1.00     0.16     1.03     0.00
    0000        7       10     1.00     1.29     1.16     1.16     1.03     1.00     0.16     0.00     1.68     0.77     1.25     1.20     1.00     0.16     1.03     0.00
    0000        7       11     1.00     1.27     1.14     1.14     0.89     1.00     0.16     0.00     1.65     0.64     1.25     1.20     1.00     0.16     0.76     0.00
    0000        7       12     1.00     1.27     1.14     1.14     0.89     1.00     0.16     0.00     1.65     0.64     1.25     1.20     1.00     0.16     0.76     0.00
    0000        7       13     1.00     1.27     1.14     1.14     0.89     1.00     0.16     0.00     1.65     0.64     1.25     1.20     1.00     0.16     0.76     0.00
    0000        7       14     1.00     1.27     1.14     1.14     0.89     1.00     0.16     0.00     1.65     0.64     1.25     1.20     1.00     0.16     0.76     0.00
    0000        7       15     1.00     1.27     1.14     1.14     0.89     1.00     0.16     0.00     1.65     0.64     1.25     1.20     1.00     0.16     0.76     0.00
    0000        7       16     1.00     1.27     1.14     1.14     0.89     1.00     0.16     0.00     1.65     0.64     1.25     1.20     1.00     0.16     0.76     0.00
    0000        7       17     1.00     1.27     1.14     1.14     0.89     1.00     0.16     0.00     1.65     0.64     1.25     1.20     1.00     0.16     0.76     0.00
    0000        7       18     1.00     1.27     1.14     1.14     0.89     1.00     0.16     0.00     1.65     0.64     1.25     1.20     1.00     0.16     0.76     0.00
    0000        7       19     1.00     1.27     1.14     1.14     0.89     1.00     0.16     0.00     1.65     0.64     1.25     1.20     1.00     0.16     0.76     0.00
    0000        7       20     1.00     1.27     1.14     1.14     0.89     1.00     0.16     0.00     1.65     0.64     1.25     1.20     1.00     0.16     0.76     0.00
    0000        7       21     1.00     1.24     1.12     1.12     0.74     1.00     0.16     0.00     1.61     0.50     1.25     1.20     1.00     0.16     0.16     0.00
    0000        7       22     1.00     1.24     1.12     1.12     0.74     1.00     0.16     0.00     1.61     0.50     1.25     1.20     1.00     0.16     0.16     0.00
    0000        7       23     1.00     1.24     1.12     1.12     0.74     1.00     0.16     0.00     1.61     0.50     1.25     1.20     1.00     0.16     0.16     0.00
    0000        7       24     1.00     1.24     1.12     1.12     0.74     1.00     0.16     0.00     1.61     0.50     1.25     1.20     1.00     0.16     0.16     0.00
    0000        7       25     1.00     1.24     1.12     1.12     0.74     1.00     0.16     0.00     1.61     0.50     1.25     1.20     1.00     0.16     0.16     0.00
    0000        7       26     1.00     1.24     1.12     1.12     0.74     1.00     0.16     0.00     1.61     0.50     1.25     1.20     1.00     0.16     0.16     0.00
    0000        7       27     1.00     1.24     1.12     1.12     0.74     1.00     0.16     0.00     1.61     0.50     1.25     1.20     1.00     0.16     0.16     0.00
    0000        7       28     1.00     1.24     1.12     1.12     0.74     1.00     0.16     0.00     1.61     0.50     1.25     1.20     1.00     0.16     0.16     0.00
    0000        7       29     1.00     1.24     1.12     1.12     0.74     1.00     0.16     0.00     1.61     0.50     1.25     1.20     1.00     0.16     0.16     0.00
    0000        7       30     1.00     1.24     1.12     1.12     0.74     1.00     0.16     0.00     1.61     0.50     1.25     1.20     1.00     0.16     0.16     0.00
    0000        7       31     1.00     1.24     1.12     1.12     0.74     1.00     0.16     0.00     1.61     0.50     1.25     1.20     1.00     0.16     0.16     0.00
    0000        8        1     1.00     1.21     1.09     1.09     0.61     1.00     0.17     0.00     1.33     0.17     1.10     1.20     1.00     0.17     0.17     0.00
    0000        8        2     1.00     1.21     1.09     1.09     0.61     1.00     0.17     0.00     1.33     0.17     1.10     1.20     1.00     0.17     0.17     0.00
    0000        8        3     1.00     1.21     1.09     1.09     0.61     1.00     0.17     0.00     1.33     0.17     1.10     1.20     1.00     0.17     0.17     0.00
    0000        8        4     1.00     1.21     1.09     1.09     0.61     1.00     0.17     0.00     1.33     0.17     1.10     1.20     1.00     0.17     0.17     0.00
    0000        8        5     1.00     1.21     1.09     1.09     0.61     1.00     0.17     0.00     1.33     0.17     1.10     1.20     1.00     0.17     0.17     0.00
    0000        8        6     1.00     1.21     1.09     1.09     0.61     1.00     0.17     0.00     1.33     0.17     1.10     1.20     1.00     0.17     0.17     0.00
    0000        8        7     1.00     1.21     1.09     1.09     0.61     1.00     0.17     0.00     1.33     0.17     1.10     1.20     1.00     0.17     0.17     0.00
    0000        8        8     1.00     1.21     1.09     1.09     0.61     1.00     0.17     0.00     1.33     0.17     1.10     1.20     1.00     0.17     0.17     0.00
    0000        8        9     1.00     1.21     1.09     1.09     0.61     1.00     0.17     0.00     1.33     0.17     1.10     1.20     1.00     0.17     0.17     0.00
    0000        8       10     1.00     1.21     1.09     1.09     0.61     1.00     0.17     0.00     1.33     0.17     1.10     1.20     1.00     0.17     0.17     0.00
    0000        8       11     1.00     1.19     0.83     1.07     0.17     1.00     0.17     0.00     1.31     0.17     1.10     1.20     1.00     0.17     0.17     0.00
    0000        8       12     1.00     1.19     0.83     1.07     0.17     1.00     0.17     0.00     1.31     0.17     1.10     1.20     1.00     0.17     0.17     0.00
    0000        8       13     1.00     1.19     0.83     1.07     0.17     1.00     0.17     0.00     1.31     0.17     1.10     1.20     1.00     0.17     0.17     0.00
    0000        8       14     1.00     1.19     0.83     1.07     0.17     1.00     0.17     0.00     1.31     0.17     1.10     1.20     1.00     0.17     0.17     0.00
    0000        8       15     1.00     1.19     0.83     1.07     0.17     1.00     0.17     0.00     1.31     0.17     1.10     1.20     1.00     0.17     0.17     0.00
    0000        8       16     1.00     1.19     0.83     1.07     0.17     1.00     0.17     0.00     1.31     0.17     1.10     1.20     1.00     0.17     0.17     0.00
    0000        8       17     1.00     1.19     0.83     1.07     0.17     1.00     0.17     0.00     1.31     0.17     1.10     1.20     1.00     0.17     0.17     0.00
    0000        8       18     1.00     1.19     0.83     1.07     0.17     1.00     0.17     0.00     1.31     0.17     1.10     1.20     1.00     0.17     0.17     0.00
    0000        8       19     1.00     1.19     0.83     1.07     0.17     1.00     0.17     0.00     1.31     0.17     1.10     1.20     1.00     0.17     0.17     0.00
    0000        8       20     1.00     1.19     0.83     1.07     0.17     1.00     0.17     0.00     1.31     0.17     1.10     1.20     1.00     0.17     0.17     0.00
    0000        8       21     0.90     1.18     0.83     1.06     0.25     0.90     0.25     0.00     1.18     0.25     1.10     1.20     0.90     0.25     0.25     0.00
    0000        8       22     0.90     1.18     0.83     1.06     0.25     0.90     0.25     0.00     1.18     0.25     1.10     1.20     0.90     0.25     0.25     0.00
    0000        8       23     0.90     1.18     0.83     1.06     0.25     0.90     0.25     0.00     1.18     0.25     1.10     1.20     0.90     0.25     0.25     0.00
    0000        8       24     0.90     1.18     0.83     1.06     0.25     0.90     0.25     0.00     1.18     0.25     1.10     1.20     0.90     0.25     0.25     0.00
    0000        8       25     0.90     1.18     0.83     1.06     0.25     0.90     0.25     0.00     1.18     0.25     1.10     1.20     0.90     0.25     0.25     0.00
    0000        8       26     0.90     1.18     0.83     1.06     0.25     0.90     0.25     0.00     1.18     0.25     1.10     1.20     0.90     0.25     0.25     0.00
    0000        8       27     0.90     1.18     0.83     1.06     0.25     0.90     0.25     0.00     1.18     0.25     1.10     1.20     0.90     0.25     0.25     0.00
    0000        8       28     0.90     1.18     0.83     1.06     0.25     0.90     0.25     0.00     1.18     0.25     1.10     1.20     0.90     0.25     0.25     0.00
    0000        8       29     0.90     1.18     0.83     1.06     0.25     0.90     0.25     0.00     1.18     0.25     1.10     1.20     0.90     0.25     0.25     0.00
    0000        8       30     0.90     1.18     0.83     1.06     0.25     0.90     0.25     0.00     1.18     0.25     1.10     1.20     0.90     0.25     0.25     0.00
    0000        8       31     0.90     1.18     0.83     1.06     0.25     0.90     0.25     0.00     1.18     0.25     1.05     1.20     0.90     0.25     0.25     0.00
    0000        9        1     0.90     1.17     0.70     1.05     0.26     0.90     0.26     0.00     1.17     0.26     1.05     1.20     0.90     0.26     0.26     0.00
    0000        9        2     0.90     1.17     0.70     1.05     0.26     0.90     0.26     0.00     1.17     0.26     1.05     1.20     0.90     0.26     0.26     0.00
    0000        9        3     0.90     1.17     0.70     1.05     0.26     0.90     0.26     0.00     1.17     0.26     1.05     1.20     0.90     0.26     0.26     0.00
    0000        9        4     0.90     1.17     0.70     1.05     0.26     0.90     0.26     0.00     1.17     0.26     1.05     1.20     0.90     0.26     0.26     0.00
    0000        9        5     0.90     1.17     0.70     1.05     0.26     0.90     0.26     0.00     1.17     0.26     1.05     1.20     0.90     0.26     0.26     0.00
    0000        9        6     0.90     1.17     0.70     1.05     0.26     0.90     0.26     0.00     1.17     0.26     1.05     1.20     0.90     0.26     0.26     0.00
    0000        9        7     0.90     1.17     0.70     1.05     0.26     0.90     0.26     0.00     1.17     0.26     1.05     1.20     0.90     0.26     0.26     0.00
    0000        9        8     0.90     1.17     0.70     1.05     0.26     0.90     0.26     0.00     1.17     0.26     1.05     1.20     0.90     0.26     0.26     0.00
    0000        9        9     0.90     1.17     0.70     1.05     0.26     0.90     0.26     0.00     1.17     0.26     1.05     1.20     0.90     0.26     0.26     0.00
    0000        9       10     0.90     1.17     0.70     1.05     0.26     0.90     0.26     0.00     1.17     0.26     1.05     1.20     0.90     0.26     0.26     0.00
    0000        9       11     0.90     1.17     0.26     1.05     0.26     0.90     0.26     0.00     1.17     0.26     1.05     1.20     0.90     0.26     0.26     0.00
    0000        9       12     0.90     1.17     0.26     1.05     0.26     0.90     0.26     0.00     1.17     0.26     1.05     1.20     0.90     0.26     0.26     0.00
    0000        9       13     0.90     1.17     0.26     1.05     0.26     0.90     0.26     0.00     1.17     0.26     1.05     1.20     0.90     0.26     0.26     0.00
    0000        9       14     0.90     1.17     0.26     1.05     0.26     0.90     0.26     0.00     1.17     0.26     1.05     1.20     0.90     0.26     0.26     0.00
    0000        9       15     0.90     1.17     0.26     1.05     0.26     0.90     0.26     0.00     1.17     0.26     1.05     1.20     0.90     0.26     0.26     0.00
    0000        9       16     0.90     1.17     0.26     1.05     0.26     0.90     0.26     0.00     1.17     0.26     1.05     1.20     0.90     0.26     0.26     0.00
    0000        9       17     0.90     1.17     0.26     1.05     0.26     0.90     0.26     0.00     1.17     0.26     1.05     1.20     0.90     0.26     0.26     0.00
    0000        9       18     0.90     1.17     0.26     1.05     0.26     0.90     0.26     0.00     1.17     0.26     1.05     1.20     0.90     0.26     0.26     0.00
    0000        9       19     0.90     1.17     0.26     1.05     0.26     0.90     0.26     0.00     1.17     0.26     1.05     1.20     0.90     0.26     0.26     0.00
    0000        9       20     0.90     1.17     0.26     1.05     0.26     0.90     0.26     0.00     1.17     0.26     1.05     1.20     0.90     0.26     0.26     0.00
    0000        9       21     0.90     1.17     0.26     1.05     0.26     0.90     0.26     0.00     1.17     0.26     1.05     1.20     0.90     0.26     0.26     0.00
    0000        9       22     0.90     1.17     0.26     1.05     0.26     0.90     0.26     0.00     1.17     0.26     1.05     1.20     0.90     0.26     0.26     0.00
    0000        9       23     0.90     1.17     0.26     1.05     0.26     0.90     0.26     0.00     1.17     0.26     1.05     1.20     0.90     0.26     0.26     0.00
    0000        9       24     0.90     1.17     0.26     1.05     0.26     0.90     0.26     0.00     1.17     0.26     1.05     1.20     0.90     0.26     0.26     0.00
    0000        9       25     0.90     1.17     0.26     1.05     0.26     0.90     0.26     0.00     1.17     0.26     1.05     1.20     0.90     0.26     0.26     0.00
    0000        9       26     0.90     1.17     0.26     1.05     0.26     0.90     0.26     0.00     1.17     0.26     1.05     1.20     0.90     0.26     0.26     0.00
    0000        9       27     0.90     1.17     0.26     1.05     0.26     0.90     0.26     0.00     1.17     0.26     1.05     1.20     0.90     0.26     0.26     0.00
    0000        9       28     0.90     1.17     0.26     1.05     0.26     0.90     0.26     0.00     1.17     0.26     1.05     1.20     0.90     0.26     0.26     0.00
    0000        9       29     0.90     1.17     0.26     1.05     0.26     0.90     0.26     0.00     1.17     0.26     1.05     1.20     0.90     0.26     0.26     0.00
    0000        9       30     0.90     1.17     0.26     1.05     0.26     0.90     0.26     0.00     1.17     0.26     1.05     1.20     0.90     0.26     0.26     0.00
    0000       10        1     0.90     0.40     0.30     0.40     0.30     0.90     0.30     0.00     0.30     0.30     1.00     1.20     0.90     0.30     0.30     0.00
    0000       10        2     0.90     0.40     0.30     0.40     0.30     0.90     0.30     0.00     0.30     0.30     1.00     1.20     0.90     0.30     0.30     0.00
    0000       10        3     0.90     0.40     0.30     0.40     0.30     0.90     0.30     0.00     0.30     0.30     1.00     1.20     0.90     0.30     0.30     0.00
    0000       10        4     0.90     0.40     0.30     0.40     0.30     0.90     0.30     0.00     0.30     0.30     1.00     1.20     0.90     0.30     0.30     0.00
    0000       10        5     0.90     0.40     0.30     0.40     0.30     0.90     0.30     0.00     0.30     0.30     1.00     1.20     0.90     0.30     0.30     0.00
    0000       10        6     0.90     0.40     0.30     0.40     0.30     0.90     0.30     0.00     0.30     0.30     1.00     1.20     0.90     0.30     0.30     0.00
    0000       10        7     0.90     0.40     0.30     0.40     0.30     0.90     0.30     0.00     0.30     0.30     1.00     1.20     0.90     0.30     0.30     0.00
    0000       10        8     0.90     0.40     0.30     0.40     0.30     0.90     0.30     0.00     0.30     0.30     1.00     1.20     0.90     0.30     0.30     0.00
    0000       10        9     0.90     0.40     0.30     0.40     0.30     0.90     0.30     0.00     0.30     0.30     1.00     1.20     0.90     0.30     0.30     0.00
    0000       10       10     0.90     0.40     0.30     0.40     0.30     0.90     0.30     0.00     0.30     0.30     1.00     1.20     0.90     0.30     0.30     0.00
    0000       10       11     0.95     0.45     0.44     0.44     0.44     0.95     0.44     0.00     0.44     0.44     1.00     1.20     0.95     0.44     0.44     0.00
    0000       10       12     0.95     0.45     0.44     0.44     0.44     0.95     0.44     0.00     0.44     0.44     1.00     1.20     0.95     0.44     0.44     0.00
    0000       10       13     0.95     0.45     0.44     0.44     0.44     0.95     0.44     0.00     0.44     0.44     1.00     1.20     0.95     0.44     0.44     0.00
    0000       10       14     0.95     0.45     0.44     0.44     0.44     0.95     0.44     0.00     0.44     0.44     1.00     1.20     0.95     0.44     0.44     0.00
    0000       10       15     0.95     0.45     0.44     0.44     0.44     0.95     0.44     0.00     0.44     0.44     1.00     1.20     0.95     0.44     0.44     0.00
    0000       10       16     0.95     0.45     0.44     0.44     0.44     0.95     0.44     0.00     0.44     0.44     1.00     1.20     0.95     0.44     0.44     0.00
    0000       10       17     0.95     0.45     0.44     0.44     0.44     0.95     0.44     0.00     0.44     0.44     1.00     1.20     0.95     0.44     0.44     0.00
    0000       10       18     0.95     0.45     0.44     0.44     0.44     0.95     0.44     0.00     0.44     0.44     1.00     1.20     0.95     0.44     0.44     0.00
    0000       10       19     0.95     0.45     0.44     0.44     0.44     0.95     0.44     0.00     0.44     0.44     1.00     1.20     0.95     0.44     0.44     0.00
    0000       10       20     0.95     0.45     0.44     0.44     0.44     0.95     0.44     0.00     0.44     0.44     1.00     1.20     0.95     0.44     0.44     0.00
    0000       10       21     0.95     0.50     0.50     0.50     0.50     0.95     0.50     0.00     0.50     0.50     1.00     1.20     0.95     0.50     0.50     0.00
    0000       10       22     0.95     0.50     0.50     0.50     0.50     0.95     0.50     0.00     0.50     0.50     1.00     1.20     0.95     0.50     0.50     0.00
    0000       10       23     0.95     0.50     0.50     0.50     0.50     0.95     0.50     0.00     0.50     0.50     1.00     1.20     0.95     0.50     0.50     0.00
    0000       10       24     0.95     0.50     0.50     0.50     0.50     0.95     0.50     0.00     0.50     0.50     1.00     1.20     0.95     0.50     0.50     0.00
    0000       10       25     0.95     0.50     0.50     0.50     0.50     0.95     0.50     0.00     0.50     0.50     1.00     1.20     0.95     0.50     0.50     0.00
    0000       10       26     0.95     0.50     0.50     0.50     0.50     0.95     0.50     0.00     0.50     0.50     1.00     1.20     0.95     0.50     0.50     0.00
    0000       10       27     0.95     0.50     0.50     0.50     0.50     0.95     0.50     0.00     0.50     0.50     1.00     1.20     0.95     0.50     0.50     0.00
    0000       10       28     0.95     0.50     0.50     0.50     0.50     0.95     0.50     0.00     0.50     0.50     1.00     1.20     0.95     0.50     0.50     0.00
    0000       10       29     0.95     0.50     0.50     0.50     0.50     0.95     0.50     0.00     0.50     0.50     1.00     1.20     0.95     0.50     0.50     0.00
    0000       10       30     0.95     0.50     0.50     0.50     0.50     0.95     0.50     0.00     0.50     0.50     1.00     1.20     0.95     0.50     0.50     0.00
    0000       10       31     0.95     0.50     0.50     0.50     0.50     0.95     0.50     0.00     0.50     0.50     1.00     1.20     0.95     0.50     0.50     0.00
    0000       11        1     0.95     0.50     0.50     0.50     0.50     0.95     0.50     0.00     0.50     0.50     0.95     1.20     0.95     0.50     0.50     0.00
    0000       11        2     0.95     0.50     0.50     0.50     0.50     0.95     0.50     0.00     0.50     0.50     0.95     1.20     0.95     0.50     0.50     0.00
    0000       11        3     0.95     0.50     0.50     0.50     0.50     0.95     0.50     0.00     0.50     0.50     0.95     1.20     0.95     0.50     0.50     0.00
    0000       11        4     0.95     0.50     0.50     0.50     0.50     0.95     0.50     0.00     0.50     0.50     0.95     1.20     0.95     0.50     0.50     0.00
    0000       11        5     0.95     0.50     0.50     0.50     0.50     0.95     0.50     0.00     0.50     0.50     0.95     1.20     0.95     0.50     0.50     0.00
    0000       11        6     0.95     0.50     0.50     0.50     0.50     0.95     0.50     0.00     0.50     0.50     0.95     1.20     0.95     0.50     0.50     0.00
    0000       11        7     0.95     0.50     0.50     0.50     0.50     0.95     0.50     0.00     0.50     0.50     0.95     1.20     0.95     0.50     0.50     0.00
    0000       11        8     0.95     0.50     0.50     0.50     0.50     0.95     0.50     0.00     0.50     0.50     0.95     1.20     0.95     0.50     0.50     0.00
    0000       11        9     0.95     0.50     0.50     0.50     0.50     0.95     0.50     0.00     0.50     0.50     0.95     1.20     0.95     0.50     0.50     0.00
    0000       11       10     0.95     0.50     0.50     0.50     0.50     0.95     0.50     0.00     0.50     0.50     0.95     1.20     0.95     0.50     0.50     0.00
    0000       11       11     0.95     0.71     0.71     0.71     0.71     0.95     0.71     0.00     0.71     0.71     0.95     1.20     0.95     0.71     0.71     0.00
    0000       11       12     0.95     0.71     0.71     0.71     0.71     0.95     0.71     0.00     0.71     0.71     0.95     1.20     0.95     0.71     0.71     0.00
    0000       11       13     0.95     0.71     0.71     0.71     0.71     0.95     0.71     0.00     0.71     0.71     0.95     1.20     0.95     0.71     0.71     0.00
    0000       11       14     0.95     0.71     0.71     0.71     0.71     0.95     0.71     0.00     0.71     0.71     0.95     1.20     0.95     0.71     0.71     0.00
    0000       11       15     0.95     0.71     0.71     0.71     0.71     0.95     0.71     0.00     0.71     0.71     0.95     1.20     0.95     0.71     0.71     0.00
    0000       11       16     0.95     0.71     0.71     0.71     0.71     0.95     0.71     0.00     0.71     0.71     0.95     1.20     0.95     0.71     0.71     0.00
    0000       11       17     0.95     0.71     0.71     0.71     0.71     0.95     0.71     0.00     0.71     0.71     0.95     1.20     0.95     0.71     0.71     0.00
    0000       11       18     0.95     0.71     0.71     0.71     0.71     0.95     0.71     0.00     0.71     0.71     0.95     1.20     0.95     0.71     0.71     0.00
    0000       11       19     0.95     0.71     0.71     0.71     0.71     0.95     0.71     0.00     0.71     0.71     0.95     1.20     0.95     0.71     0.71     0.00
    0000       11       20     0.95     0.71     0.71     0.71     0.71     0.95     0.71     0.00     0.71     0.71     0.95     1.20     0.95     0.71     0.71     0.00
    0000       11       21     0.95     0.83     0.83     0.83     0.83     0.95     0.83     0.00     0.83     0.83     0.95     1.20     0.95     0.83     0.83     0.00
    0000       11       22     0.95     0.83     0.83     0.83     0.83     0.95     0.83     0.00     0.83     0.83     0.95     1.20     0.95     0.83     0.83     0.00
    0000       11       23     0.95     0.83     0.83     0.83     0.83     0.95     0.83     0.00     0.83     0.83     0.95     1.20     0.95     0.83     0.83     0.00
    0000       11       24     0.95     0.83     0.83     0.83     0.83     0.95     0.83     0.00     0.83     0.83     0.95     1.20     0.95     0.83     0.83     0.00
    0000       11       25     0.95     0.83     0.83     0.83     0.83     0.95     0.83     0.00     0.83     0.83     0.95     1.20     0.95     0.83     0.83     0.00
    0000       11       26     0.95     0.83     0.83     0.83     0.83     0.95     0.83     0.00     0.83     0.83     0.95     1.20     0.95     0.83     0.83     0.00
    0000       11       27     0.95     0.83     0.83     0.83     0.83     0.95     0.83     0.00     0.83     0.83     0.95     1.20     0.95     0.83     0.83     0.00
    0000       11       28     0.95     0.83     0.83     0.83     0.83     0.95     0.83     0.00     0.83     0.83     0.95     1.20     0.95     0.83     0.83     0.00
    0000       11       29     0.95     0.83     0.83     0.83     0.83     0.95     0.83     0.00     0.83     0.83     0.95     1.20     0.95     0.83     0.83     0.00
    0000       11       30     0.95     0.83     0.83     0.83     0.83     0.95     0.83     0.00     0.83     0.83     0.95     1.20     0.95     0.83     0.83     0.00
    0000       12        1     0.95     1.00     1.00     1.00     1.00     0.95     1.00     0.00     1.00     1.00     0.90     1.20     0.95     1.00     1.00     0.00
    0000       12        2     0.95     1.00     1.00     1.00     1.00     0.95     1.00     0.00     1.00     1.00     0.90     1.20     0.95     1.00     1.00     0.00
    0000       12        3     0.95     1.00     1.00     1.00     1.00     0.95     1.00     0.00     1.00     1.00     0.90     1.20     0.95     1.00     1.00     0.00
    0000       12        4     0.95     1.00     1.00     1.00     1.00     0.95     1.00     0.00     1.00     1.00     0.90     1.20     0.95     1.00     1.00     0.00
    0000       12        5     0.95     1.00     1.00     1.00     1.00     0.95     1.00     0.00     1.00     1.00     0.90     1.20     0.95     1.00     1.00     0.00
    0000       12        6     0.95     1.00     1.00     1.00     1.00     0.95     1.00     0.00     1.00     1.00     0.90     1.20     0.95     1.00     1.00     0.00
    0000       12        7     0.95     1.00     1.00     1.00     1.00     0.95     1.00     0.00     1.00     1.00     0.90     1.20     0.95     1.00     1.00     0.00
    0000       12        8     0.95     1.00     1.00     1.00     1.00     0.95     1.00     0.00     1.00     1.00     0.90     1.20     0.95     1.00     1.00     0.00
    0000       12        9     0.95     1.00     1.00     1.00     1.00     0.95     1.00     0.00     1.00     1.00     0.90     1.20     0.95     1.00     1.00     0.00
    0000       12       10     0.95     1.00     1.00     1.00     1.00     0.95     1.00     0.00     1.00     1.00     0.90     1.20     0.95     1.00     1.00     0.00
    0000       12       11     0.95     1.00     1.00     1.00     1.00     0.95     1.00     0.00     1.00     1.00     0.90     1.20     0.95     1.00     1.00     0.00
    0000       12       12     0.95     1.00     1.00     1.00     1.00     0.95     1.00     0.00     1.00     1.00     0.90     1.20     0.95     1.00     1.00     0.00
    0000       12       13     0.95     1.00     1.00     1.00     1.00     0.95     1.00     0.00     1.00     1.00     0.90     1.20     0.95     1.00     1.00     0.00
    0000       12       14     0.95     1.00     1.00     1.00     1.00     0.95     1.00     0.00     1.00     1.00     0.90     1.20     0.95     1.00     1.00     0.00
    0000       12       15     0.95     1.00     1.00     1.00     1.00     0.95     1.00     0.00     1.00     1.00     0.90     1.20     0.95     1.00     1.00     0.00
    0000       12       16     0.95     1.00     1.00     1.00     1.00     0.95     1.00     0.00     1.00     1.00     0.90     1.20     0.95     1.00     1.00     0.00
    0000       12       17     0.95     1.00     1.00     1.00     1.00     0.95     1.00     0.00     1.00     1.00     0.90     1.20     0.95     1.00     1.00     0.00
    0000       12       18     0.95     1.00     1.00     1.00     1.00     0.95     1.00     0.00     1.00     1.00     0.90     1.20     0.95     1.00     1.00     0.00
    0000       12       19     0.95     1.00     1.00     1.00     1.00     0.95     1.00     0.00     1.00     1.00     0.90     1.20     0.95     1.00     1.00     0.00
    0000       12       20     0.95     1.00     1.00     1.00     1.00     0.95     1.00     0.00     1.00     1.00     0.90     1.20     0.95     1.00     1.00     0.00
    0000       12       21     0.95     1.00     1.00     1.00     1.00     0.95     1.00     0.00     1.00     1.00     0.90     1.20     0.95     1.00     1.00     0.00
    0000       12       22     0.95     1.00     1.00     1.00     1.00     0.95     1.00     0.00     1.00     1.00     0.90     1.20     0.95     1.00     1.00     0.00
    0000       12       23     0.95     1.00     1.00     1.00     1.00     0.95     1.00     0.00     1.00     1.00     0.90     1.20     0.95     1.00     1.00     0.00
    0000       12       24     0.95     1.00     1.00     1.00     1.00     0.95     1.00     0.00     1.00     1.00     0.90     1.20     0.95     1.00     1.00     0.00
    0000       12       25     0.95     1.00     1.00     1.00     1.00     0.95     1.00     0.00     1.00     1.00     0.90     1.20     0.95     1.00     1.00     0.00
    0000       12       26     0.95     1.00     1.00     1.00     1.00     0.95     1.00     0.00     1.00     1.00     0.90     1.20     0.95     1.00     1.00     0.00
    0000       12       27     0.95     1.00     1.00     1.00     1.00     0.95     1.00     0.00     1.00     1.00     0.90     1.20     0.95     1.00     1.00     0.00
    0000       12       28     0.95     1.00     1.00     1.00     1.00     0.95     1.00     0.00     1.00     1.00     0.90     1.20     0.95     1.00     1.00     0.00
    0000       12       29     0.95     1.00     1.00     1.00     1.00     0.95     1.00     0.00     1.00     1.00     0.90     1.20     0.95     1.00     1.00     0.00
    0000       12       30     0.95     1.00     1.00     1.00     1.00     0.95     1.00     0.00     1.00     1.00     0.90     1.20     0.95     1.00     1.00     0.00
    0000       12       31     0.95     1.00     1.00     1.00     1.00     0.95     1.00     0.00     1.00     1.00     0.90     1.20     0.95     1.00     1.00     0.00
