*Open water
       1
*Names
'Surface water              '
*Year/Month/Day/Cropfact      1
    0000        1        1     0.50
    0000        1        2     0.50
    0000        1        3     0.50
    0000        1        4     0.50
    0000        1        5     0.50
    0000        1        6     0.50
    0000        1        7     0.50
    0000        1        8     0.50
    0000        1        9     0.50
    0000        1       10     0.50
    0000        1       11     0.50
    0000        1       12     0.50
    0000        1       13     0.50
    0000        1       14     0.50
    0000        1       15     0.50
    0000        1       16     0.50
    0000        1       17     0.50
    0000        1       18     0.50
    0000        1       19     0.50
    0000        1       20     0.50
    0000        1       21     0.70
    0000        1       22     0.70
    0000        1       23     0.70
    0000        1       24     0.70
    0000        1       25     0.70
    0000        1       26     0.70
    0000        1       27     0.70
    0000        1       28     0.70
    0000        1       29     0.70
    0000        1       30     0.70
    0000        1       31     0.70
    0000        2        1     0.80
    0000        2        2     0.80
    0000        2        3     0.80
    0000        2        4     0.80
    0000        2        5     0.80
    0000        2        6     0.80
    0000        2        7     0.80
    0000        2        8     0.80
    0000        2        9     0.80
    0000        2       10     0.80
    0000        2       11     1.00
    0000        2       12     1.00
    0000        2       13     1.00
    0000        2       14     1.00
    0000        2       15     1.00
    0000        2       16     1.00
    0000        2       17     1.00
    0000        2       18     1.00
    0000        2       19     1.00
    0000        2       20     1.00
    0000        2       21     1.00
    0000        2       22     1.00
    0000        2       23     1.00
    0000        2       24     1.00
    0000        2       25     1.00
    0000        2       26     1.00
    0000        2       27     1.00
    0000        2       28     1.00
    0000        2       29     1.00
    0000        3        1     1.20
    0000        3        2     1.20
    0000        3        3     1.20
    0000        3        4     1.20
    0000        3        5     1.20
    0000        3        6     1.20
    0000        3        7     1.20
    0000        3        8     1.20
    0000        3        9     1.20
    0000        3       10     1.20
    0000        3       11     1.30
    0000        3       12     1.30
    0000        3       13     1.30
    0000        3       14     1.30
    0000        3       15     1.30
    0000        3       16     1.30
    0000        3       17     1.30
    0000        3       18     1.30
    0000        3       19     1.30
    0000        3       20     1.30
    0000        3       21     1.30
    0000        3       22     1.30
    0000        3       23     1.30
    0000        3       24     1.30
    0000        3       25     1.30
    0000        3       26     1.30
    0000        3       27     1.30
    0000        3       28     1.30
    0000        3       29     1.30
    0000        3       30     1.30
    0000        3       31     1.30
    0000        4        1     1.30
    0000        4        2     1.30
    0000        4        3     1.30
    0000        4        4     1.30
    0000        4        5     1.30
    0000        4        6     1.30
    0000        4        7     1.30
    0000        4        8     1.30
    0000        4        9     1.30
    0000        4       10     1.30
    0000        4       11     1.30
    0000        4       12     1.30
    0000        4       13     1.30
    0000        4       14     1.30
    0000        4       15     1.30
    0000        4       16     1.30
    0000        4       17     1.30
    0000        4       18     1.30
    0000        4       19     1.30
    0000        4       20     1.30
    0000        4       21     1.30
    0000        4       22     1.30
    0000        4       23     1.30
    0000        4       24     1.30
    0000        4       25     1.30
    0000        4       26     1.30
    0000        4       27     1.30
    0000        4       28     1.30
    0000        4       29     1.30
    0000        4       30     1.30
    0000        5        1     1.30
    0000        5        2     1.30
    0000        5        3     1.30
    0000        5        4     1.30
    0000        5        5     1.30
    0000        5        6     1.30
    0000        5        7     1.30
    0000        5        8     1.30
    0000        5        9     1.30
    0000        5       10     1.30
    0000        5       11     1.30
    0000        5       12     1.30
    0000        5       13     1.30
    0000        5       14     1.30
    0000        5       15     1.30
    0000        5       16     1.30
    0000        5       17     1.30
    0000        5       18     1.30
    0000        5       19     1.30
    0000        5       20     1.30
    0000        5       21     1.30
    0000        5       22     1.30
    0000        5       23     1.30
    0000        5       24     1.30
    0000        5       25     1.30
    0000        5       26     1.30
    0000        5       27     1.30
    0000        5       28     1.30
    0000        5       29     1.30
    0000        5       30     1.30
    0000        5       31     1.30
    0000        6        1     1.31
    0000        6        2     1.31
    0000        6        3     1.31
    0000        6        4     1.31
    0000        6        5     1.31
    0000        6        6     1.31
    0000        6        7     1.31
    0000        6        8     1.31
    0000        6        9     1.31
    0000        6       10     1.31
    0000        6       11     1.31
    0000        6       12     1.31
    0000        6       13     1.31
    0000        6       14     1.31
    0000        6       15     1.31
    0000        6       16     1.31
    0000        6       17     1.31
    0000        6       18     1.31
    0000        6       19     1.31
    0000        6       20     1.31
    0000        6       21     1.31
    0000        6       22     1.31
    0000        6       23     1.31
    0000        6       24     1.31
    0000        6       25     1.31
    0000        6       26     1.31
    0000        6       27     1.31
    0000        6       28     1.31
    0000        6       29     1.31
    0000        6       30     1.31
    0000        7        1     1.29
    0000        7        2     1.29
    0000        7        3     1.29
    0000        7        4     1.29
    0000        7        5     1.29
    0000        7        6     1.29
    0000        7        7     1.29
    0000        7        8     1.29
    0000        7        9     1.29
    0000        7       10     1.29
    0000        7       11     1.27
    0000        7       12     1.27
    0000        7       13     1.27
    0000        7       14     1.27
    0000        7       15     1.27
    0000        7       16     1.27
    0000        7       17     1.27
    0000        7       18     1.27
    0000        7       19     1.27
    0000        7       20     1.27
    0000        7       21     1.24
    0000        7       22     1.24
    0000        7       23     1.24
    0000        7       24     1.24
    0000        7       25     1.24
    0000        7       26     1.24
    0000        7       27     1.24
    0000        7       28     1.24
    0000        7       29     1.24
    0000        7       30     1.24
    0000        7       31     1.24
    0000        8        1     1.21
    0000        8        2     1.21
    0000        8        3     1.21
    0000        8        4     1.21
    0000        8        5     1.21
    0000        8        6     1.21
    0000        8        7     1.21
    0000        8        8     1.21
    0000        8        9     1.21
    0000        8       10     1.21
    0000        8       11     1.19
    0000        8       12     1.19
    0000        8       13     1.19
    0000        8       14     1.19
    0000        8       15     1.19
    0000        8       16     1.19
    0000        8       17     1.19
    0000        8       18     1.19
    0000        8       19     1.19
    0000        8       20     1.19
    0000        8       21     1.18
    0000        8       22     1.18
    0000        8       23     1.18
    0000        8       24     1.18
    0000        8       25     1.18
    0000        8       26     1.18
    0000        8       27     1.18
    0000        8       28     1.18
    0000        8       29     1.18
    0000        8       30     1.18
    0000        8       31     1.18
    0000        9        1     1.17
    0000        9        2     1.17
    0000        9        3     1.17
    0000        9        4     1.17
    0000        9        5     1.17
    0000        9        6     1.17
    0000        9        7     1.17
    0000        9        8     1.17
    0000        9        9     1.17
    0000        9       10     1.17
    0000        9       11     1.17
    0000        9       12     1.17
    0000        9       13     1.17
    0000        9       14     1.17
    0000        9       15     1.17
    0000        9       16     1.17
    0000        9       17     1.17
    0000        9       18     1.17
    0000        9       19     1.17
    0000        9       20     1.17
    0000        9       21     1.17
    0000        9       22     1.17
    0000        9       23     1.17
    0000        9       24     1.17
    0000        9       25     1.17
    0000        9       26     1.17
    0000        9       27     1.17
    0000        9       28     1.17
    0000        9       29     1.17
    0000        9       30     1.17
    0000       10        1     1.00
    0000       10        2     1.00
    0000       10        3     1.00
    0000       10        4     1.00
    0000       10        5     1.00
    0000       10        6     1.00
    0000       10        7     1.00
    0000       10        8     1.00
    0000       10        9     1.00
    0000       10       10     1.00
    0000       10       11     0.90
    0000       10       12     0.90
    0000       10       13     0.90
    0000       10       14     0.90
    0000       10       15     0.90
    0000       10       16     0.90
    0000       10       17     0.90
    0000       10       18     0.90
    0000       10       19     0.90
    0000       10       20     0.90
    0000       10       21     0.90
    0000       10       22     0.80
    0000       10       23     0.80
    0000       10       24     0.80
    0000       10       25     0.80
    0000       10       26     0.80
    0000       10       27     0.80
    0000       10       28     0.80
    0000       10       29     0.80
    0000       10       30     0.80
    0000       10       31     0.80
    0000       11        1     0.80
    0000       11        2     0.80
    0000       11        3     0.80
    0000       11        4     0.80
    0000       11        5     0.80
    0000       11        6     0.80
    0000       11        7     0.80
    0000       11        8     0.80
    0000       11        9     0.80
    0000       11       10     0.80
    0000       11       11     0.70
    0000       11       12     0.70
    0000       11       13     0.70
    0000       11       14     0.70
    0000       11       15     0.70
    0000       11       16     0.70
    0000       11       17     0.70
    0000       11       18     0.70
    0000       11       19     0.70
    0000       11       20     0.70
    0000       11       21     0.60
    0000       11       22     0.60
    0000       11       23     0.60
    0000       11       24     0.60
    0000       11       25     0.60
    0000       11       26     0.60
    0000       11       27     0.60
    0000       11       28     0.60
    0000       11       29     0.60
    0000       11       30     0.60
    0000       12        1     0.50
    0000       12        2     0.50
    0000       12        3     0.50
    0000       12        4     0.50
    0000       12        5     0.50
    0000       12        6     0.50
    0000       12        7     0.50
    0000       12        8     0.50
    0000       12        9     0.50
    0000       12       10     0.50
    0000       12       11     0.50
    0000       12       12     0.50
    0000       12       13     0.50
    0000       12       14     0.50
    0000       12       15     0.50
    0000       12       16     0.50
    0000       12       17     0.50
    0000       12       18     0.50
    0000       12       19     0.50
    0000       12       20     0.50
    0000       12       21     0.50
    0000       12       22     0.50
    0000       12       23     0.50
    0000       12       24     0.50
    0000       12       25     0.50
    0000       12       26     0.50
    0000       12       27     0.50
    0000       12       28     0.50
    0000       12       29     0.50
    0000       12       30     0.50
    0000       12       31     0.50
